41503753
40290133
27626543
10329052
760303
25845013
17245715
14213006
19738805
26741765
2677731
23417113
14819457
26276346
20115463
15055799
16890969
17866477
30429966
34423857
8487622
12563562
15340323
14176375
1541461
677623
9268772
11693142
19508692
33028697
16613217
15637825
2621291
18733617
13753912
25109223
20876496
5389332
15111389
29793187
28999465
24521808
11664092
23263743
14913622
14598850
19620708
765557
14350650
15252509
16854780
18852687
6572712
19709089
19693285
814859
9181822
26111699
18975112
10305302
15948437
19569273
20549270
19591633
24447643
18689083
15677513
18426795
17485322
19247625
19484816
19910996
14140055
22282596
19778547
14698754
17637572
20536157
12507662
19405367
12529992
13
20
12
6813682
17145223
21195592
16952681
2182641
20712514
18016235
10984852
9077732
693633
20675043
20333461
19111618
752673
20522624
19781170
14447668
17791270
14691720
18016856
7725
749043
8873382
11190012
1775581
723263
13589
14615378
1642381
729403
19581269
16688788
15021213
10704342
10932352
19712523
19490380
10336822
13943
11070972
14444454
15581061
16883085
19496073
9113192
60273
78453
1523441
14538601
2727051
16053570
635453
14294334
14243202
15885916
6978642
16865781
1468401
759215
14946308
15440080
734733
18920834
18000022
14991344
18131361
643273
15683146
15414807
14842285
2054511
15110655
14078225
15005991
783214
7819032
15811377
18717426
8662472
14154805
8818672
17439264
15570531
1527461
5637652
17038927
69153
1735
14372143
17980026
15396961
17846158
9810452
11417812
751873
17637074
16646389
15073706
16511499
755040
12283292
5953042
18331551
18313086
700953
689753
8976052
16216798
14562164
14166909
15456552
15846853
814089
15899802
13049452
13220032
8451872
6527972
16114092
16171953
2394421
653873
8728392
17194296
610303
790613
15743570
12245542
7047
10648062
14354145
757180
10999712
15368897
8872592
680693
11922692
6417782
12924692
716903
1754001
5616382
16466225
6346082
771787
14124402
5160191
807666
14577706
6104
14985579
13781792
14760692
646533
14383599
8467052
12381352
5972282
839291
10591
11864262
7626802
14562960
2911221
14463523
1305941
14452237
11132462
14326840
1127781
14340751
13820922
2373551
6476742
61133
12687932
815869
1835411
7763502
6981492
14051121
917321
14157628
8468712
30923
13655672
816768
3829151
749863
10350
662433
9900262
9777502
9798422
7604992
8333972
6029582
41503753
40290133
27626543
10329052
760303
25845013
17245715
14213006
19738805
26741765
2677731
23417113
14819457
26276346
20115463
15055799
16890969
17866477
30429966
34423857
8487622
12563562
15340323
14176375
1541461
677623
9268772
11693142
19508692
33028697
16613217
15637825
2621291
18733617
13753912
25109223
20876496
5389332
15111389
29793187
28999465
24521808
11664092
23263743
14913622
14598850
19620708
765557
14350650
15252509
16854780
18852687
6572712
19709089
19693285
814859
9181822
26111699
18975112
10305302
15948437
19569273
20549270
19591633
24447643
18689083
15677513
18426795
17485322
19247625
19484816
19910996
14140055
22282596
19778547
14698754
17637572
20536157
12507662
19405367
12529992
13
20
12
6813682
17145223
21195592
16952681
2182641
20712514
18016235
10984852
9077732
693633
20675043
20333461
19111618
752673
20522624
19781170
14447668
17791270
14691720
18016856
7725
749043
8873382
11190012
1775581
723263
13589
14615378
1642381
729403
19581269
16688788
15021213
10704342
10932352
19712523
19490380
10336822
13943
11070972
14444454
15581061
16883085
19496073
9113192
60273
78453
1523441
14538601
2727051
16053570
635453
14294334
14243202
15885916
6978642
16865781
1468401
759215
14946308
15440080
734733
18920834
18000022
14991344
18131361
643273
15683146
15414807
14842285
2054511
15110655
14078225
15005991
783214
7819032
15811377
18717426
8662472
14154805
8818672
17439264
15570531
1527461
5637652
17038927
69153
1735
14372143
17980026
15396961
17846158
9810452
11417812
751873
17637074
16646389
15073706
16511499
755040
12283292
5953042
18331551
18313086
700953
689753
8976052
16216798
14562164
14166909
15456552
15846853
814089
15899802
13049452
13220032
8451872
6527972
16114092
16171953
2394421
653873
8728392
17194296
610303
790613
15743570
12245542
7047
10648062
14354145
757180
10999712
15368897
8872592
680693
11922692
6417782
12924692
716903
1754001
5616382
16466225
6346082
771787
14124402
5160191
807666
14577706
6104
14985579
13781792
14760692
646533
14383599
8467052
12381352
5972282
839291
10591
11864262
7626802
14562960
2911221
14463523
1305941
14452237
11132462
14326840
1127781
14340751
13820922
2373551
6476742
61133
12687932
815869
1835411
7763502
6981492
14051121
917321
14157628
8468712
30923
13655672
816768
3829151
749863
10350
662433
9900262
9777502
9798422
7604992
8333972
6029582
